18
20.27
36.06
79.00
16
15
24.51
31.56
39.82
4.27
72.50
37.14
10.84
30.5
9
6.7
48
29.62
29
18
28.53
53.22
9.18
63.00
3.2
45.97
21.15
41.63
21.15
46.02
21.63
61.30
47.38
56.52
3.83
17.71
22.34
46.03
8.02
57.13
52.34
7.18
43.39
13.12
22.02
8.27
44.71
40.41
35.31
33.64
18.68
19.84
88.57
13
50.4
8.38
28.33
45.69
18.26
41.64
52.91
3.13
10
59.39
23.09
66.00
26
46.39
76.38
7.68
19.9
45.82
1.46
24.97
26.27


21.49
14.28
50.14
26.45
47.52
31.14
13.72
43.9
70.03
27.16
37.63
40.28
5.94
3
7.14
18.92
21.32
20.44
37.22
34.31
